1.715,0.806,-0.449
195.76
-15.57,6.931,-176.2,1.817,1.631,14.69,-0.740,0.074,-0.633,0.213
1.715,0.806,-0.449
195.36
195.36
-15.99,7.213,-176.3,1.412,2.357,14.66,-0.754,0.116,-0.625,0.159
1.715,0.807,-0.449
195.70
195.70
-15.92,7.338,-176.0,1.345,2.807,14.81,-0.762,0.144,-0.618,0.123
1.715,0.807,-0.449
195.45
-15.85,7.486,-176.0,1.240,3.260,14.82,-0.769,0.171,-0.609,0.086
1.715,0.807,-0.449
195.36
-16.34,7.629,-176.1,0.729,3.625,14.77,-0.773,0.199,-0.599,0.049
1.715,0.807,-0.449
195.21
195.21
-16.29,7.918,-176.1,0.434,4.254,14.80,-0.777,0.239,-0.581,-0.006
1.715,0.808,-0.449
195.30
195
